energy0
67.0546 2776774.30
69.0703 1347705.30
70.0655 594992.90
79.0546 540878.60
81.0703 844695.70
84.0811 228082176.00
85.0652 971514.70
91.0547 563184.90
93.0703 1243455.90
95.0860 2290191.00
99.0558 2237450.80
109.1017 3730840.30
110.0970 600770.30
111.0558 2045808.90
112.0763 699619.80
119.0861 995663.10
126.0920 3455226.00
126.1284 718995.80
129.1028 16658938.00
130.0869 8789759.00
134.0971 761059.30
136.1127 5327851.50
137.0717 599382.90
137.0968 1627931.00
147.1135 1890169.50
151.1237 1030939.30
152.1078 579495.30
153.1030 2077671.00
153.1394 868924.40
154.1234 4556825.00
169.1345 617565.70
171.1137 2976646.00
172.0977 3064259.00
179.1187 30421344.00
189.1243 7225478.50
196.1454 5402912.00
197.1290 265021600.00
214.1561 883239.40
215.1400 1192471.30
220.1708 516604.70
262.1925 594310.90
279.2198 745073.00
280.2025 453371584.00
297.2297 753688.40
321.2307 832705.70
325.2250 2675815.30
339.2408 12176195.00
343.2353 40139676.00
367.2354 45499932.00
385.2453 180701200.00
energy1
67.0546 2776774.30
69.0703 1347705.30
70.0655 594992.90
79.0546 540878.60
81.0703 844695.70
84.0811 228082176.00
85.0652 971514.70
91.0547 563184.90
93.0703 1243455.90
95.0860 2290191.00
99.0558 2237450.80
109.1017 3730840.30
110.0970 600770.30
111.0558 2045808.90
112.0763 699619.80
119.0861 995663.10
126.0920 3455226.00
126.1284 718995.80
129.1028 16658938.00
130.0869 8789759.00
134.0971 761059.30
136.1127 5327851.50
137.0717 599382.90
137.0968 1627931.00
147.1135 1890169.50
151.1237 1030939.30
152.1078 579495.30
153.1030 2077671.00
153.1394 868924.40
154.1234 4556825.00
169.1345 617565.70
171.1137 2976646.00
172.0977 3064259.00
179.1187 30421344.00
189.1243 7225478.50
196.1454 5402912.00
197.1290 265021600.00
214.1561 883239.40
215.1400 1192471.30
220.1708 516604.70
262.1925 594310.90
279.2198 745073.00
280.2025 453371584.00
297.2297 753688.40
321.2307 832705.70
325.2250 2675815.30
339.2408 12176195.00
343.2353 40139676.00
367.2354 45499932.00
385.2453 180701200.00
energy2
67.0546 2776774.30
69.0703 1347705.30
70.0655 594992.90
79.0546 540878.60
81.0703 844695.70
84.0811 228082176.00
85.0652 971514.70
91.0547 563184.90
93.0703 1243455.90
95.0860 2290191.00
99.0558 2237450.80
109.1017 3730840.30
110.0970 600770.30
111.0558 2045808.90
112.0763 699619.80
119.0861 995663.10
126.0920 3455226.00
126.1284 718995.80
129.1028 16658938.00
130.0869 8789759.00
134.0971 761059.30
136.1127 5327851.50
137.0717 599382.90
137.0968 1627931.00
147.1135 1890169.50
151.1237 1030939.30
152.1078 579495.30
153.1030 2077671.00
153.1394 868924.40
154.1234 4556825.00
169.1345 617565.70
171.1137 2976646.00
172.0977 3064259.00
179.1187 30421344.00
189.1243 7225478.50
196.1454 5402912.00
197.1290 265021600.00
214.1561 883239.40
215.1400 1192471.30
220.1708 516604.70
262.1925 594310.90
279.2198 745073.00
280.2025 453371584.00
297.2297 753688.40
321.2307 832705.70
325.2250 2675815.30
339.2408 12176195.00
343.2353 40139676.00
367.2354 45499932.00
385.2453 180701200.00
