energy0
177.0326 4908996.50
179.1177 3139774.80
185.0377 2654591.50
197.1282 32954410.00
199.0710 7997750.00
214.1547 9556516.00
231.0430 17972444.00
235.0202 2592819.50
265.0307 3296416.50
288.0644 3190027.50
298.1757 2913943.30
326.1705 4898441.00
355.0735 3053476.30
395.1919 4961264.00
504.2115 2543252.80
605.2048 6919352.50
680.2366 26807946.00
734.2473 16605390.00
791.2687 8434368.00
809.2791 104571344.00
energy1
177.0326 4908996.50
179.1177 3139774.80
185.0377 2654591.50
197.1282 32954410.00
199.0710 7997750.00
214.1547 9556516.00
231.0430 17972444.00
235.0202 2592819.50
265.0307 3296416.50
288.0644 3190027.50
298.1757 2913943.30
326.1705 4898441.00
355.0735 3053476.30
395.1919 4961264.00
504.2115 2543252.80
605.2048 6919352.50
680.2366 26807946.00
734.2473 16605390.00
791.2687 8434368.00
809.2791 104571344.00
energy2
177.0326 4908996.50
179.1177 3139774.80
185.0377 2654591.50
197.1282 32954410.00
199.0710 7997750.00
214.1547 9556516.00
231.0430 17972444.00
235.0202 2592819.50
265.0307 3296416.50
288.0644 3190027.50
298.1757 2913943.30
326.1705 4898441.00
355.0735 3053476.30
395.1919 4961264.00
504.2115 2543252.80
605.2048 6919352.50
680.2366 26807946.00
734.2473 16605390.00
791.2687 8434368.00
809.2791 104571344.00
