energy0
84.0806 36137600.00
98.0963 2218034.20
99.0552 341517.20
109.1010 339841.50
136.1120 601033.30
142.1733 758670.60
144.1017 1775215.20
154.1224 812478.70
179.1176 3727683.20
197.1162 356327.30
197.1281 44888304.00
197.1401 302862.50
280.1809 383344.90
280.2015 67737456.00
280.2181 334331.90
280.2209 344205.20
311.2436 4745486.00
357.2123 465103.60
357.2194 1149795.60
357.2255 532024.50
357.2491 165021600.00
357.2721 1161115.40
357.2782 1119849.20
357.2872 328504.30
energy1
84.0806 36137600.00
98.0963 2218034.20
99.0552 341517.20
109.1010 339841.50
136.1120 601033.30
142.1733 758670.60
144.1017 1775215.20
154.1224 812478.70
179.1176 3727683.20
197.1162 356327.30
197.1281 44888304.00
197.1401 302862.50
280.1809 383344.90
280.2015 67737456.00
280.2181 334331.90
280.2209 344205.20
311.2436 4745486.00
357.2123 465103.60
357.2194 1149795.60
357.2255 532024.50
357.2491 165021600.00
357.2721 1161115.40
357.2782 1119849.20
357.2872 328504.30
energy2
84.0806 36137600.00
98.0963 2218034.20
99.0552 341517.20
109.1010 339841.50
136.1120 601033.30
142.1733 758670.60
144.1017 1775215.20
154.1224 812478.70
179.1176 3727683.20
197.1162 356327.30
197.1281 44888304.00
197.1401 302862.50
280.1809 383344.90
280.2015 67737456.00
280.2181 334331.90
280.2209 344205.20
311.2436 4745486.00
357.2123 465103.60
357.2194 1149795.60
357.2255 532024.50
357.2491 165021600.00
357.2721 1161115.40
357.2782 1119849.20
357.2872 328504.30
