energy0
67.0543 38990.40
84.0446 146734.30
86.0602 121229.70
94.0653 52384.20
95.0857 60727.00
99.0555 69041.40
102.0552 90029.30
104.0530 436093.70
109.1014 109893.60
111.0555 53922.70
114.0552 42137.20
122.0602 567769.30
130.0501 116116.20
131.0163 164603.70
133.0320 534401.40
136.1123 132298.50
137.0964 48965.10
142.0501 56568.20
150.0585 1027238.00
154.1229 141763.30
167.0818 104057.10
168.0657 931495.60
170.0636 269358.00
179.1181 918929.00
196.1448 40840.60
197.1283 8176927.50
214.1551 2246294.30
215.0852 145284.60
215.1393 302561.30
216.0690 1026099.10
235.1445 80618.10
243.0802 58277.70
252.1710 231605.60
261.0904 2209991.80
262.0748 133676.00
263.1394 76443.60
279.1010 1302272.80
280.1659 533676.80
298.1763 988664.20
308.1608 46740.40
326.1710 3219552.30
335.2083 82875.00
344.1819 500440.20
363.2032 309037.80
381.2131 1334271.40
411.2065 121627.80
429.2171 341756.20
439.2017 161782.40
457.2120 791174.60
475.2214 3408296.80
energy1
67.0543 38990.40
84.0446 146734.30
86.0602 121229.70
94.0653 52384.20
95.0857 60727.00
99.0555 69041.40
102.0552 90029.30
104.0530 436093.70
109.1014 109893.60
111.0555 53922.70
114.0552 42137.20
122.0602 567769.30
130.0501 116116.20
131.0163 164603.70
133.0320 534401.40
136.1123 132298.50
137.0964 48965.10
142.0501 56568.20
150.0585 1027238.00
154.1229 141763.30
167.0818 104057.10
168.0657 931495.60
170.0636 269358.00
179.1181 918929.00
196.1448 40840.60
197.1283 8176927.50
214.1551 2246294.30
215.0852 145284.60
215.1393 302561.30
216.0690 1026099.10
235.1445 80618.10
243.0802 58277.70
252.1710 231605.60
261.0904 2209991.80
262.0748 133676.00
263.1394 76443.60
279.1010 1302272.80
280.1659 533676.80
298.1763 988664.20
308.1608 46740.40
326.1710 3219552.30
335.2083 82875.00
344.1819 500440.20
363.2032 309037.80
381.2131 1334271.40
411.2065 121627.80
429.2171 341756.20
439.2017 161782.40
457.2120 791174.60
475.2214 3408296.80
energy2
67.0543 38990.40
84.0446 146734.30
86.0602 121229.70
94.0653 52384.20
95.0857 60727.00
99.0555 69041.40
102.0552 90029.30
104.0530 436093.70
109.1014 109893.60
111.0555 53922.70
114.0552 42137.20
122.0602 567769.30
130.0501 116116.20
131.0163 164603.70
133.0320 534401.40
136.1123 132298.50
137.0964 48965.10
142.0501 56568.20
150.0585 1027238.00
154.1229 141763.30
167.0818 104057.10
168.0657 931495.60
170.0636 269358.00
179.1181 918929.00
196.1448 40840.60
197.1283 8176927.50
214.1551 2246294.30
215.0852 145284.60
215.1393 302561.30
216.0690 1026099.10
235.1445 80618.10
243.0802 58277.70
252.1710 231605.60
261.0904 2209991.80
262.0748 133676.00
263.1394 76443.60
279.1010 1302272.80
280.1659 533676.80
298.1763 988664.20
308.1608 46740.40
326.1710 3219552.30
335.2083 82875.00
344.1819 500440.20
363.2032 309037.80
381.2131 1334271.40
411.2065 121627.80
429.2171 341756.20
439.2017 161782.40
457.2120 791174.60
475.2214 3408296.80
