energy0
83.0606 1267909.30
93.0450 1044383.50
95.0607 1116719.00
99.0556 230068.50
109.1016 300968.90
110.0714 31564928.00
111.0556 256011.10
136.1125 421112.30
154.1231 383098.30
156.0770 15972671.00
179.1183 1980481.90
181.1340 662878.60
196.1451 249748.70
197.1288 6541838.00
215.1396 428648.80
288.1828 551908.30
289.1668 454775.70
306.1928 15236527.00
334.1880 3801188.00
352.1980 33670228.00
energy1
83.0606 1267909.30
93.0450 1044383.50
95.0607 1116719.00
99.0556 230068.50
109.1016 300968.90
110.0714 31564928.00
111.0556 256011.10
136.1125 421112.30
154.1231 383098.30
156.0770 15972671.00
179.1183 1980481.90
181.1340 662878.60
196.1451 249748.70
197.1288 6541838.00
215.1396 428648.80
288.1828 551908.30
289.1668 454775.70
306.1928 15236527.00
334.1880 3801188.00
352.1980 33670228.00
energy2
83.0606 1267909.30
93.0450 1044383.50
95.0607 1116719.00
99.0556 230068.50
109.1016 300968.90
110.0714 31564928.00
111.0556 256011.10
136.1125 421112.30
154.1231 383098.30
156.0770 15972671.00
179.1183 1980481.90
181.1340 662878.60
196.1451 249748.70
197.1288 6541838.00
215.1396 428648.80
288.1828 551908.30
289.1668 454775.70
306.1928 15236527.00
334.1880 3801188.00
352.1980 33670228.00
