energy0
95.0856 9917459.00
99.0553 10098417.00
109.1013 11096362.00
136.1122 18067098.00
153.1023 10985460.00
153.1387 8771211.00
154.1227 9987155.00
167.1179 10813453.00
179.1180 94213768.00
194.1000 17112346.00
196.1446 48278276.00
197.1285 284336736.00
213.1058 9628734.00
254.1323 59262836.00
266.1501 10294125.00
272.1429 38225676.00
282.1273 9127807.00
300.1376 360355968.00
357.1593 52054072.00
375.1700 241350432.00
energy1
95.0856 9917459.00
99.0553 10098417.00
109.1013 11096362.00
136.1122 18067098.00
153.1023 10985460.00
153.1387 8771211.00
154.1227 9987155.00
167.1179 10813453.00
179.1180 94213768.00
194.1000 17112346.00
196.1446 48278276.00
197.1285 284336736.00
213.1058 9628734.00
254.1323 59262836.00
266.1501 10294125.00
272.1429 38225676.00
282.1273 9127807.00
300.1376 360355968.00
357.1593 52054072.00
375.1700 241350432.00
energy2
95.0856 9917459.00
99.0553 10098417.00
109.1013 11096362.00
136.1122 18067098.00
153.1023 10985460.00
153.1387 8771211.00
154.1227 9987155.00
167.1179 10813453.00
179.1180 94213768.00
194.1000 17112346.00
196.1446 48278276.00
197.1285 284336736.00
213.1058 9628734.00
254.1323 59262836.00
266.1501 10294125.00
272.1429 38225676.00
282.1273 9127807.00
300.1376 360355968.00
357.1593 52054072.00
375.1700 241350432.00
