energy0
67.0546 5831888.00
69.0703 3909120.50
93.0704 5548215.00
95.0861 8629317.00
99.0559 8428118.00
103.0548 6546894.50
109.1018 13075003.00
111.0559 6862793.50
120.0812 164423936.00
136.1129 15302715.00
137.0969 4342535.50
154.1235 11025097.00
166.0871 33682012.00
179.1187 67099900.00
197.1289 305021376.00
215.1400 38712188.00
299.1772 3894469.30
316.2029 110855128.00
344.1990 5905817.50
362.2092 40913220.00
energy1
67.0546 5831888.00
69.0703 3909120.50
93.0704 5548215.00
95.0861 8629317.00
99.0559 8428118.00
103.0548 6546894.50
109.1018 13075003.00
111.0559 6862793.50
120.0812 164423936.00
136.1129 15302715.00
137.0969 4342535.50
154.1235 11025097.00
166.0871 33682012.00
179.1187 67099900.00
197.1289 305021376.00
215.1400 38712188.00
299.1772 3894469.30
316.2029 110855128.00
344.1990 5905817.50
362.2092 40913220.00
energy2
67.0546 5831888.00
69.0703 3909120.50
93.0704 5548215.00
95.0861 8629317.00
99.0559 8428118.00
103.0548 6546894.50
109.1018 13075003.00
111.0559 6862793.50
120.0812 164423936.00
136.1129 15302715.00
137.0969 4342535.50
154.1235 11025097.00
166.0871 33682012.00
179.1187 67099900.00
197.1289 305021376.00
215.1400 38712188.00
299.1772 3894469.30
316.2029 110855128.00
344.1990 5905817.50
362.2092 40913220.00
