energy0
67.0542 177132.60
69.0699 120535.80
70.0651 52967.60
79.0542 50613.60
81.0699 111583.40
86.0600 60240.50
88.0757 80182.00
91.0542 65253.70
93.0699 153622.90
94.0651 51040.40
95.0855 514700.30
96.0443 51802.20
96.0808 82689.90
98.0600 142495.70
98.0964 74643.00
99.0553 155098.00
106.0862 1277301.00
108.0808 59002.50
109.1012 354892.90
110.0964 149723.50
111.0553 141576.40
112.0757 52913.10
112.1121 70938.60
119.0855 106973.70
124.0756 64962.90
126.1275 51976.50
134.0964 322539.20
136.1120 604620.30
137.0961 102471.50
138.0913 76254.80
140.1070 92949.60
151.1230 118887.70
152.1070 52807.70
153.1022 89899.50
153.1386 694181.90
154.1226 339892.70
169.1335 44144.60
178.1224 57531.00
179.1177 2403654.50
180.1381 2120294.30
196.1442 2923680.80
197.1282 11561170.00
197.1646 182698.60
222.1599 83169.00
223.1440 457823.10
240.1702 27970776.00
241.1546 211316.80
258.1812 168101.40
284.1967 1629441.10
302.2069 20229652.00
energy1
67.0542 177132.60
69.0699 120535.80
70.0651 52967.60
79.0542 50613.60
81.0699 111583.40
86.0600 60240.50
88.0757 80182.00
91.0542 65253.70
93.0699 153622.90
94.0651 51040.40
95.0855 514700.30
96.0443 51802.20
96.0808 82689.90
98.0600 142495.70
98.0964 74643.00
99.0553 155098.00
106.0862 1277301.00
108.0808 59002.50
109.1012 354892.90
110.0964 149723.50
111.0553 141576.40
112.0757 52913.10
112.1121 70938.60
119.0855 106973.70
124.0756 64962.90
126.1275 51976.50
134.0964 322539.20
136.1120 604620.30
137.0961 102471.50
138.0913 76254.80
140.1070 92949.60
151.1230 118887.70
152.1070 52807.70
153.1022 89899.50
153.1386 694181.90
154.1226 339892.70
169.1335 44144.60
178.1224 57531.00
179.1177 2403654.50
180.1381 2120294.30
196.1442 2923680.80
197.1282 11561170.00
197.1646 182698.60
222.1599 83169.00
223.1440 457823.10
240.1702 27970776.00
241.1546 211316.80
258.1812 168101.40
284.1967 1629441.10
302.2069 20229652.00
energy2
67.0542 177132.60
69.0699 120535.80
70.0651 52967.60
79.0542 50613.60
81.0699 111583.40
86.0600 60240.50
88.0757 80182.00
91.0542 65253.70
93.0699 153622.90
94.0651 51040.40
95.0855 514700.30
96.0443 51802.20
96.0808 82689.90
98.0600 142495.70
98.0964 74643.00
99.0553 155098.00
106.0862 1277301.00
108.0808 59002.50
109.1012 354892.90
110.0964 149723.50
111.0553 141576.40
112.0757 52913.10
112.1121 70938.60
119.0855 106973.70
124.0756 64962.90
126.1275 51976.50
134.0964 322539.20
136.1120 604620.30
137.0961 102471.50
138.0913 76254.80
140.1070 92949.60
151.1230 118887.70
152.1070 52807.70
153.1022 89899.50
153.1386 694181.90
154.1226 339892.70
169.1335 44144.60
178.1224 57531.00
179.1177 2403654.50
180.1381 2120294.30
196.1442 2923680.80
197.1282 11561170.00
197.1646 182698.60
222.1599 83169.00
223.1440 457823.10
240.1702 27970776.00
241.1546 211316.80
258.1812 168101.40
284.1967 1629441.10
302.2069 20229652.00
