energy0
58.0653 41674.20
67.0544 168523.40
68.0496 861687.60
69.0700 158622.00
70.0653 56725.30
79.0544 51531.90
81.0701 91358.00
84.0810 27366.90
86.0602 3995614.80
89.0600 25112.50
91.0544 53296.40
93.0701 127039.30
94.0654 30867.30
95.0858 261898.00
96.0446 43747.50
98.9844 36102.00
99.0555 244157.60
107.0858 21797.00
108.0811 38653.40
109.1014 406674.30
110.0967 71949.60
111.0555 198797.00
111.1171 35337.70
112.1124 21466.70
114.0552 113944.80
119.0859 99237.40
125.0712 37939.90
126.1280 96580.20
132.0656 15343186.00
134.0966 53463.60
136.1124 472294.30
137.0712 62424.60
137.0964 133674.00
151.0870 39221.20
151.1233 112284.70
152.1073 48905.80
153.1026 57223.40
154.1230 366170.80
162.0917 20228.10
169.1339 66128.70
179.1181 2523730.80
180.1022 22607.80
197.1285 11405148.00
215.1394 794990.70
246.1609 44216.00
264.1709 4265282.00
296.0563 57170.30
310.1766 1310641.60
328.0830 25198.00
328.1867 6328566.50
energy1
58.0653 41674.20
67.0544 168523.40
68.0496 861687.60
69.0700 158622.00
70.0653 56725.30
79.0544 51531.90
81.0701 91358.00
84.0810 27366.90
86.0602 3995614.80
89.0600 25112.50
91.0544 53296.40
93.0701 127039.30
94.0654 30867.30
95.0858 261898.00
96.0446 43747.50
98.9844 36102.00
99.0555 244157.60
107.0858 21797.00
108.0811 38653.40
109.1014 406674.30
110.0967 71949.60
111.0555 198797.00
111.1171 35337.70
112.1124 21466.70
114.0552 113944.80
119.0859 99237.40
125.0712 37939.90
126.1280 96580.20
132.0656 15343186.00
134.0966 53463.60
136.1124 472294.30
137.0712 62424.60
137.0964 133674.00
151.0870 39221.20
151.1233 112284.70
152.1073 48905.80
153.1026 57223.40
154.1230 366170.80
162.0917 20228.10
169.1339 66128.70
179.1181 2523730.80
180.1022 22607.80
197.1285 11405148.00
215.1394 794990.70
246.1609 44216.00
264.1709 4265282.00
296.0563 57170.30
310.1766 1310641.60
328.0830 25198.00
328.1867 6328566.50
energy2
58.0653 41674.20
67.0544 168523.40
68.0496 861687.60
69.0700 158622.00
70.0653 56725.30
79.0544 51531.90
81.0701 91358.00
84.0810 27366.90
86.0602 3995614.80
89.0600 25112.50
91.0544 53296.40
93.0701 127039.30
94.0654 30867.30
95.0858 261898.00
96.0446 43747.50
98.9844 36102.00
99.0555 244157.60
107.0858 21797.00
108.0811 38653.40
109.1014 406674.30
110.0967 71949.60
111.0555 198797.00
111.1171 35337.70
112.1124 21466.70
114.0552 113944.80
119.0859 99237.40
125.0712 37939.90
126.1280 96580.20
132.0656 15343186.00
134.0966 53463.60
136.1124 472294.30
137.0712 62424.60
137.0964 133674.00
151.0870 39221.20
151.1233 112284.70
152.1073 48905.80
153.1026 57223.40
154.1230 366170.80
162.0917 20228.10
169.1339 66128.70
179.1181 2523730.80
180.1022 22607.80
197.1285 11405148.00
215.1394 794990.70
246.1609 44216.00
264.1709 4265282.00
296.0563 57170.30
310.1766 1310641.60
328.0830 25198.00
328.1867 6328566.50
