energy0
70.0652 2158771.00
72.0445 641127.40
113.0711 619955.80
115.0867 1450308.30
116.0708 370546.80
141.1024 1566713.40
158.0926 1361971.60
179.1181 867460.60
181.1337 336133.40
196.1446 2040382.40
197.1285 6132009.50
203.1505 631656.80
214.1551 2388091.00
293.1975 635446.00
311.2079 2387219.80
312.1922 280103.60
337.1875 723624.50
354.2140 422411.90
382.2454 318340.50
399.2710 34500636.00
energy1
70.0652 2158771.00
72.0445 641127.40
113.0711 619955.80
115.0867 1450308.30
116.0708 370546.80
141.1024 1566713.40
158.0926 1361971.60
179.1181 867460.60
181.1337 336133.40
196.1446 2040382.40
197.1285 6132009.50
203.1505 631656.80
214.1551 2388091.00
293.1975 635446.00
311.2079 2387219.80
312.1922 280103.60
337.1875 723624.50
354.2140 422411.90
382.2454 318340.50
399.2710 34500636.00
energy2
70.0652 2158771.00
72.0445 641127.40
113.0711 619955.80
115.0867 1450308.30
116.0708 370546.80
141.1024 1566713.40
158.0926 1361971.60
179.1181 867460.60
181.1337 336133.40
196.1446 2040382.40
197.1285 6132009.50
203.1505 631656.80
214.1551 2388091.00
293.1975 635446.00
311.2079 2387219.80
312.1922 280103.60
337.1875 723624.50
354.2140 422411.90
382.2454 318340.50
399.2710 34500636.00
