energy0
91.0545 775377.40
95.0858 383935.10
99.0556 396829.00
109.1015 615034.40
111.0556 323524.70
119.0495 745561.30
136.0759 7942395.00
136.1123 747216.90
154.1230 601944.20
165.0550 1028828.10
179.1182 4027511.80
182.0816 2093125.80
196.1450 355821.40
197.1285 19891120.00
215.1394 2950135.50
314.1873 389832.70
315.1712 339928.60
332.1970 10383576.00
360.1928 725197.30
378.2024 5193775.00
energy1
91.0545 775377.40
95.0858 383935.10
99.0556 396829.00
109.1015 615034.40
111.0556 323524.70
119.0495 745561.30
136.0759 7942395.00
136.1123 747216.90
154.1230 601944.20
165.0550 1028828.10
179.1182 4027511.80
182.0816 2093125.80
196.1450 355821.40
197.1285 19891120.00
215.1394 2950135.50
314.1873 389832.70
315.1712 339928.60
332.1970 10383576.00
360.1928 725197.30
378.2024 5193775.00
energy2
91.0545 775377.40
95.0858 383935.10
99.0556 396829.00
109.1015 615034.40
111.0556 323524.70
119.0495 745561.30
136.0759 7942395.00
136.1123 747216.90
154.1230 601944.20
165.0550 1028828.10
179.1182 4027511.80
182.0816 2093125.80
196.1450 355821.40
197.1285 19891120.00
215.1394 2950135.50
314.1873 389832.70
315.1712 339928.60
332.1970 10383576.00
360.1928 725197.30
378.2024 5193775.00
