energy0
67.0543 21968454.00
69.0700 20756996.00
81.0700 12274043.00
86.0602 88236816.00
87.0442 32182242.00
93.0701 15079639.00
95.0857 31879884.00
99.0555 26914998.00
104.0708 19405256.00
109.1013 45866248.00
111.0555 23059212.00
136.1123 56214152.00
137.0963 15225109.00
151.1233 13209677.00
154.1229 36458664.00
179.1180 244122480.00
196.1447 55271044.00
197.1283 1310336384.00
282.1812 335091616.00
300.1917 216389040.00
energy1
67.0543 21968454.00
69.0700 20756996.00
81.0700 12274043.00
86.0602 88236816.00
87.0442 32182242.00
93.0701 15079639.00
95.0857 31879884.00
99.0555 26914998.00
104.0708 19405256.00
109.1013 45866248.00
111.0555 23059212.00
136.1123 56214152.00
137.0963 15225109.00
151.1233 13209677.00
154.1229 36458664.00
179.1180 244122480.00
196.1447 55271044.00
197.1283 1310336384.00
282.1812 335091616.00
300.1917 216389040.00
energy2
67.0543 21968454.00
69.0700 20756996.00
81.0700 12274043.00
86.0602 88236816.00
87.0442 32182242.00
93.0701 15079639.00
95.0857 31879884.00
99.0555 26914998.00
104.0708 19405256.00
109.1013 45866248.00
111.0555 23059212.00
136.1123 56214152.00
137.0963 15225109.00
151.1233 13209677.00
154.1229 36458664.00
179.1180 244122480.00
196.1447 55271044.00
197.1283 1310336384.00
282.1812 335091616.00
300.1917 216389040.00
