energy0
69.0697 4116229.20
70.0649 165204576.00
95.0853 6116472.00
99.0551 5204184.50
109.1009 11437072.00
111.0550 4480717.00
112.0754 4694185.00
115.0863 67248056.00
116.0703 18428296.00
136.1118 15327931.00
137.0957 4594447.50
139.0863 10255891.00
142.2260 7341620.00
154.1223 13246026.00
157.0968 65288048.00
158.0808 27367358.00
175.1073 9940546.00
179.1175 88039536.00
196.1440 9132768.00
197.1162 4579039.50
197.1187 5512179.00
197.1220 14668788.00
197.1275 871244288.00
266.1666 5311817.50
266.1705 5212697.00
266.1770 17123896.00
266.1852 784889536.00
266.2044 4492919.50
311.2069 15116805.00
325.2227 23533904.00
329.2174 156683504.00
353.2173 194141056.00
371.1975 5861259.50
371.2026 5183785.50
371.2273 953993792.00
371.2588 6550997.00
energy1
69.0697 4116229.20
70.0649 165204576.00
95.0853 6116472.00
99.0551 5204184.50
109.1009 11437072.00
111.0550 4480717.00
112.0754 4694185.00
115.0863 67248056.00
116.0703 18428296.00
136.1118 15327931.00
137.0957 4594447.50
139.0863 10255891.00
142.2260 7341620.00
154.1223 13246026.00
157.0968 65288048.00
158.0808 27367358.00
175.1073 9940546.00
179.1175 88039536.00
196.1440 9132768.00
197.1162 4579039.50
197.1187 5512179.00
197.1220 14668788.00
197.1275 871244288.00
266.1666 5311817.50
266.1705 5212697.00
266.1770 17123896.00
266.1852 784889536.00
266.2044 4492919.50
311.2069 15116805.00
325.2227 23533904.00
329.2174 156683504.00
353.2173 194141056.00
371.1975 5861259.50
371.2026 5183785.50
371.2273 953993792.00
371.2588 6550997.00
energy2
69.0697 4116229.20
70.0649 165204576.00
95.0853 6116472.00
99.0551 5204184.50
109.1009 11437072.00
111.0550 4480717.00
112.0754 4694185.00
115.0863 67248056.00
116.0703 18428296.00
136.1118 15327931.00
137.0957 4594447.50
139.0863 10255891.00
142.2260 7341620.00
154.1223 13246026.00
157.0968 65288048.00
158.0808 27367358.00
175.1073 9940546.00
179.1175 88039536.00
196.1440 9132768.00
197.1162 4579039.50
197.1187 5512179.00
197.1220 14668788.00
197.1275 871244288.00
266.1666 5311817.50
266.1705 5212697.00
266.1770 17123896.00
266.1852 784889536.00
266.2044 4492919.50
311.2069 15116805.00
325.2227 23533904.00
329.2174 156683504.00
353.2173 194141056.00
371.1975 5861259.50
371.2026 5183785.50
371.2273 953993792.00
371.2588 6550997.00
