energy0
58.0650 89396600.00
67.0541 25989580.00
69.0698 24911396.00
81.0698 13694208.00
93.0698 15202556.00
95.0854 29520050.00
99.0552 28223012.00
104.0705 19392278.00
109.1011 44242532.00
111.0552 22998980.00
136.1119 56635716.00
137.0959 15754889.00
154.1225 34312920.00
179.1177 271261920.00
197.1282 1316092416.00
215.1388 258193152.00
237.1595 15296249.00
254.1860 864818880.00
282.1809 148900800.00
300.1915 839723008.00
energy1
58.0650 89396600.00
67.0541 25989580.00
69.0698 24911396.00
81.0698 13694208.00
93.0698 15202556.00
95.0854 29520050.00
99.0552 28223012.00
104.0705 19392278.00
109.1011 44242532.00
111.0552 22998980.00
136.1119 56635716.00
137.0959 15754889.00
154.1225 34312920.00
179.1177 271261920.00
197.1282 1316092416.00
215.1388 258193152.00
237.1595 15296249.00
254.1860 864818880.00
282.1809 148900800.00
300.1915 839723008.00
energy2
58.0650 89396600.00
67.0541 25989580.00
69.0698 24911396.00
81.0698 13694208.00
93.0698 15202556.00
95.0854 29520050.00
99.0552 28223012.00
104.0705 19392278.00
109.1011 44242532.00
111.0552 22998980.00
136.1119 56635716.00
137.0959 15754889.00
154.1225 34312920.00
179.1177 271261920.00
197.1282 1316092416.00
215.1388 258193152.00
237.1595 15296249.00
254.1860 864818880.00
282.1809 148900800.00
300.1915 839723008.00
