energy0
67.0541 25694.40
69.0698 24864.20
81.0698 15133.00
93.0698 18335.20
95.0855 43145.60
99.0076 13067.90
99.0552 41514.90
108.0443 15195.00
109.1011 68946.40
110.0599 220571.60
111.0552 27831.40
119.0854 18317.70
120.0443 19477.30
126.1276 13482.80
134.0598 22297.00
136.0392 628989.00
136.1119 75887.60
137.0960 29111.60
151.1229 15586.70
152.0704 53768.70
153.1022 15758.90
154.1225 81974.40
162.0547 1819178.80
164.0680 20165.60
166.0497 83522.70
172.0390 19560.00
179.0813 601461.00
179.1176 519694.50
180.0653 26938.20
189.0656 52241.20
190.0496 604670.00
196.1443 93716.70
197.1281 3419927.00
207.0762 51461.30
208.0601 486186.10
214.1546 2042678.80
215.1388 76380.00
223.1438 23200.10
225.0866 453208.40
240.1704 310768.20
266.1498 61497.40
306.1530 13983.70
312.1549 549460.30
330.1809 40211.10
368.1601 33017.90
385.1869 54349.30
386.1703 22551.30
403.1966 1640441.80
404.1818 22820.40
421.2071 3009829.00
energy1
67.0541 25694.40
69.0698 24864.20
81.0698 15133.00
93.0698 18335.20
95.0855 43145.60
99.0076 13067.90
99.0552 41514.90
108.0443 15195.00
109.1011 68946.40
110.0599 220571.60
111.0552 27831.40
119.0854 18317.70
120.0443 19477.30
126.1276 13482.80
134.0598 22297.00
136.0392 628989.00
136.1119 75887.60
137.0960 29111.60
151.1229 15586.70
152.0704 53768.70
153.1022 15758.90
154.1225 81974.40
162.0547 1819178.80
164.0680 20165.60
166.0497 83522.70
172.0390 19560.00
179.0813 601461.00
179.1176 519694.50
180.0653 26938.20
189.0656 52241.20
190.0496 604670.00
196.1443 93716.70
197.1281 3419927.00
207.0762 51461.30
208.0601 486186.10
214.1546 2042678.80
215.1388 76380.00
223.1438 23200.10
225.0866 453208.40
240.1704 310768.20
266.1498 61497.40
306.1530 13983.70
312.1549 549460.30
330.1809 40211.10
368.1601 33017.90
385.1869 54349.30
386.1703 22551.30
403.1966 1640441.80
404.1818 22820.40
421.2071 3009829.00
energy2
67.0541 25694.40
69.0698 24864.20
81.0698 15133.00
93.0698 18335.20
95.0855 43145.60
99.0076 13067.90
99.0552 41514.90
108.0443 15195.00
109.1011 68946.40
110.0599 220571.60
111.0552 27831.40
119.0854 18317.70
120.0443 19477.30
126.1276 13482.80
134.0598 22297.00
136.0392 628989.00
136.1119 75887.60
137.0960 29111.60
151.1229 15586.70
152.0704 53768.70
153.1022 15758.90
154.1225 81974.40
162.0547 1819178.80
164.0680 20165.60
166.0497 83522.70
172.0390 19560.00
179.0813 601461.00
179.1176 519694.50
180.0653 26938.20
189.0656 52241.20
190.0496 604670.00
196.1443 93716.70
197.1281 3419927.00
207.0762 51461.30
208.0601 486186.10
214.1546 2042678.80
215.1388 76380.00
223.1438 23200.10
225.0866 453208.40
240.1704 310768.20
266.1498 61497.40
306.1530 13983.70
312.1549 549460.30
330.1809 40211.10
368.1601 33017.90
385.1869 54349.30
386.1703 22551.30
403.1966 1640441.80
404.1818 22820.40
421.2071 3009829.00
