energy0
79.0541 4383.20
81.0698 4781.70
84.0807 2874.50
91.0541 6110.60
93.0697 6896.00
94.0649 2857.60
95.0490 3001.10
95.0854 15302.20
96.0442 3675.00
99.0551 15826.80
108.0807 3110.70
109.1010 19303.90
110.0962 2956.60
111.0550 13204.20
119.0853 6046.40
125.0708 2816.60
126.1275 3934.50
134.0961 2917.90
136.1118 28347.20
137.0707 4684.90
137.0959 6653.00
151.0862 3444.50
151.1228 6920.60
153.1019 4672.40
154.1224 14577.80
155.1175 4477.80
169.1332 3127.70
179.1175 124898.40
196.1441 5578.10
197.1280 529189.50
210.0669 5260.90
214.1546 19988.60
215.1386 41677.80
225.0778 3361.20
450.8676 3142.60
463.8756 12000.00
478.8866 14729.10
479.8941 4035.00
605.7911 37754.30
606.9944 3299.10
651.7978 6703.10
675.0078 19340.10
677.0232 21569.20
703.0027 6626.60
721.0126 36189.10
783.9014 5853.70
784.8859 6315.70
801.9116 166282.80
829.9066 34494.30
847.9166 371691.00
energy1
79.0541 4383.20
81.0698 4781.70
84.0807 2874.50
91.0541 6110.60
93.0697 6896.00
94.0649 2857.60
95.0490 3001.10
95.0854 15302.20
96.0442 3675.00
99.0551 15826.80
108.0807 3110.70
109.1010 19303.90
110.0962 2956.60
111.0550 13204.20
119.0853 6046.40
125.0708 2816.60
126.1275 3934.50
134.0961 2917.90
136.1118 28347.20
137.0707 4684.90
137.0959 6653.00
151.0862 3444.50
151.1228 6920.60
153.1019 4672.40
154.1224 14577.80
155.1175 4477.80
169.1332 3127.70
179.1175 124898.40
196.1441 5578.10
197.1280 529189.50
210.0669 5260.90
214.1546 19988.60
215.1386 41677.80
225.0778 3361.20
450.8676 3142.60
463.8756 12000.00
478.8866 14729.10
479.8941 4035.00
605.7911 37754.30
606.9944 3299.10
651.7978 6703.10
675.0078 19340.10
677.0232 21569.20
703.0027 6626.60
721.0126 36189.10
783.9014 5853.70
784.8859 6315.70
801.9116 166282.80
829.9066 34494.30
847.9166 371691.00
energy2
79.0541 4383.20
81.0698 4781.70
84.0807 2874.50
91.0541 6110.60
93.0697 6896.00
94.0649 2857.60
95.0490 3001.10
95.0854 15302.20
96.0442 3675.00
99.0551 15826.80
108.0807 3110.70
109.1010 19303.90
110.0962 2956.60
111.0550 13204.20
119.0853 6046.40
125.0708 2816.60
126.1275 3934.50
134.0961 2917.90
136.1118 28347.20
137.0707 4684.90
137.0959 6653.00
151.0862 3444.50
151.1228 6920.60
153.1019 4672.40
154.1224 14577.80
155.1175 4477.80
169.1332 3127.70
179.1175 124898.40
196.1441 5578.10
197.1280 529189.50
210.0669 5260.90
214.1546 19988.60
215.1386 41677.80
225.0778 3361.20
450.8676 3142.60
463.8756 12000.00
478.8866 14729.10
479.8941 4035.00
605.7911 37754.30
606.9944 3299.10
651.7978 6703.10
675.0078 19340.10
677.0232 21569.20
703.0027 6626.60
721.0126 36189.10
783.9014 5853.70
784.8859 6315.70
801.9116 166282.80
829.9066 34494.30
847.9166 371691.00
