energy0
62.2469 1256121.00
67.5512 1230923.30
67.7920 1400826.30
72.4333 1391024.80
100.0755 60690456.00
100.3437 1362273.80
112.1118 3313161.50
171.1488 86200280.00
179.1176 1426503.30
181.1329 1340559.40
185.8393 1250824.80
194.1535 2707252.80
196.1440 6695013.50
197.1281 11864967.00
254.1857 61465956.00
271.2125 2006999.50
325.2591 75693752.00
362.5942 1284815.50
423.3433 7730600.00
441.3539 279813536.00
energy1
62.2469 1256121.00
67.5512 1230923.30
67.7920 1400826.30
72.4333 1391024.80
100.0755 60690456.00
100.3437 1362273.80
112.1118 3313161.50
171.1488 86200280.00
179.1176 1426503.30
181.1329 1340559.40
185.8393 1250824.80
194.1535 2707252.80
196.1440 6695013.50
197.1281 11864967.00
254.1857 61465956.00
271.2125 2006999.50
325.2591 75693752.00
362.5942 1284815.50
423.3433 7730600.00
441.3539 279813536.00
energy2
62.2469 1256121.00
67.5512 1230923.30
67.7920 1400826.30
72.4333 1391024.80
100.0755 60690456.00
100.3437 1362273.80
112.1118 3313161.50
171.1488 86200280.00
179.1176 1426503.30
181.1329 1340559.40
185.8393 1250824.80
194.1535 2707252.80
196.1440 6695013.50
197.1281 11864967.00
254.1857 61465956.00
271.2125 2006999.50
325.2591 75693752.00
362.5942 1284815.50
423.3433 7730600.00
441.3539 279813536.00
