energy0
67.0543 4489833.00
69.0700 5400314.00
86.0965 73617096.00
95.0857 8468315.00
99.0554 7842742.50
109.1013 11886893.00
111.0554 6162021.00
132.1021 11269792.00
136.1122 15255785.00
137.0963 4280561.50
154.1228 11439413.00
179.1180 82434296.00
196.1447 3860288.30
197.1284 400138240.00
215.1391 69842624.00
264.2074 5627431.50
265.1914 5753667.50
282.2176 333308832.00
310.2128 38756416.00
328.2231 163593776.00
energy1
67.0543 4489833.00
69.0700 5400314.00
86.0965 73617096.00
95.0857 8468315.00
99.0554 7842742.50
109.1013 11886893.00
111.0554 6162021.00
132.1021 11269792.00
136.1122 15255785.00
137.0963 4280561.50
154.1228 11439413.00
179.1180 82434296.00
196.1447 3860288.30
197.1284 400138240.00
215.1391 69842624.00
264.2074 5627431.50
265.1914 5753667.50
282.2176 333308832.00
310.2128 38756416.00
328.2231 163593776.00
energy2
67.0543 4489833.00
69.0700 5400314.00
86.0965 73617096.00
95.0857 8468315.00
99.0554 7842742.50
109.1013 11886893.00
111.0554 6162021.00
132.1021 11269792.00
136.1122 15255785.00
137.0963 4280561.50
154.1228 11439413.00
179.1180 82434296.00
196.1447 3860288.30
197.1284 400138240.00
215.1391 69842624.00
264.2074 5627431.50
265.1914 5753667.50
282.2176 333308832.00
310.2128 38756416.00
328.2231 163593776.00
