energy0
97.0287 3419692.30
134.0275 1161924.50
136.0622 6020330.00
179.1184 2010355.10
186.0590 409387.40
197.1287 20637562.00
215.1397 1788164.10
232.0645 971107.10
250.0752 832309.40
252.1713 4551467.50
293.1505 876451.30
298.1769 1390292.40
314.1540 4444917.50
332.1646 2679694.50
382.1809 489842.70
410.1757 1412201.60
428.1853 16750976.00
446.1962 3982649.30
581.2260 395871.50
581.2507 9741492.00
energy1
97.0287 3419692.30
134.0275 1161924.50
136.0622 6020330.00
179.1184 2010355.10
186.0590 409387.40
197.1287 20637562.00
215.1397 1788164.10
232.0645 971107.10
250.0752 832309.40
252.1713 4551467.50
293.1505 876451.30
298.1769 1390292.40
314.1540 4444917.50
332.1646 2679694.50
382.1809 489842.70
410.1757 1412201.60
428.1853 16750976.00
446.1962 3982649.30
581.2260 395871.50
581.2507 9741492.00
energy2
97.0287 3419692.30
134.0275 1161924.50
136.0622 6020330.00
179.1184 2010355.10
186.0590 409387.40
197.1287 20637562.00
215.1397 1788164.10
232.0645 971107.10
250.0752 832309.40
252.1713 4551467.50
293.1505 876451.30
298.1769 1390292.40
314.1540 4444917.50
332.1646 2679694.50
382.1809 489842.70
410.1757 1412201.60
428.1853 16750976.00
446.1962 3982649.30
581.2260 395871.50
581.2507 9741492.00
