energy0
72.0808 32316096.00
95.0857 2562203.50
99.0554 2255710.30
109.1013 3754487.00
113.1074 7591552.50
114.0914 63386340.00
131.1180 22834512.00
136.1122 5064528.00
153.1388 5086878.00
154.1228 3659335.80
179.1180 23146438.00
196.1445 61988936.00
197.1285 70542464.00
208.1698 3470796.30
250.1917 2111599.50
267.2182 11441793.00
268.2018 121806704.00
285.2284 66780948.00
309.2288 16971686.00
327.2387 323302144.00
energy1
72.0808 32316096.00
95.0857 2562203.50
99.0554 2255710.30
109.1013 3754487.00
113.1074 7591552.50
114.0914 63386340.00
131.1180 22834512.00
136.1122 5064528.00
153.1388 5086878.00
154.1228 3659335.80
179.1180 23146438.00
196.1445 61988936.00
197.1285 70542464.00
208.1698 3470796.30
250.1917 2111599.50
267.2182 11441793.00
268.2018 121806704.00
285.2284 66780948.00
309.2288 16971686.00
327.2387 323302144.00
energy2
72.0808 32316096.00
95.0857 2562203.50
99.0554 2255710.30
109.1013 3754487.00
113.1074 7591552.50
114.0914 63386340.00
131.1180 22834512.00
136.1122 5064528.00
153.1388 5086878.00
154.1228 3659335.80
179.1180 23146438.00
196.1445 61988936.00
197.1285 70542464.00
208.1698 3470796.30
250.1917 2111599.50
267.2182 11441793.00
268.2018 121806704.00
285.2284 66780948.00
309.2288 16971686.00
327.2387 323302144.00
