energy0
67.0543 8893942.00
69.0700 8313617.50
81.0700 4733109.50
93.0700 5782988.50
95.0857 11993341.00
99.0555 10680763.00
109.1013 17299044.00
111.0555 8355984.00
113.0711 29153410.00
119.0857 4471536.50
136.1123 18319418.00
137.0963 5715895.50
151.1232 4530915.00
154.1228 11275358.00
179.1180 76323520.00
197.1282 343162016.00
215.1392 14232910.00
226.1551 45431228.00
254.1502 17128992.00
272.1605 105309752.00
energy1
67.0543 8893942.00
69.0700 8313617.50
81.0700 4733109.50
93.0700 5782988.50
95.0857 11993341.00
99.0555 10680763.00
109.1013 17299044.00
111.0555 8355984.00
113.0711 29153410.00
119.0857 4471536.50
136.1123 18319418.00
137.0963 5715895.50
151.1232 4530915.00
154.1228 11275358.00
179.1180 76323520.00
197.1282 343162016.00
215.1392 14232910.00
226.1551 45431228.00
254.1502 17128992.00
272.1605 105309752.00
energy2
67.0543 8893942.00
69.0700 8313617.50
81.0700 4733109.50
93.0700 5782988.50
95.0857 11993341.00
99.0555 10680763.00
109.1013 17299044.00
111.0555 8355984.00
113.0711 29153410.00
119.0857 4471536.50
136.1123 18319418.00
137.0963 5715895.50
151.1232 4530915.00
154.1228 11275358.00
179.1180 76323520.00
197.1282 343162016.00
215.1392 14232910.00
226.1551 45431228.00
254.1502 17128992.00
272.1605 105309752.00
