energy0
53.0387 5914.60
54.0339 11866.00
56.0496 5399.90
67.0543 13325.30
68.0496 16335.80
69.0449 32325.00
69.0700 14600.90
70.0653 7556.80
81.0449 1784194.60
81.0701 10429.20
82.0527 8425.20
82.2564 7065.90
83.0606 72159.50
93.0700 10655.70
95.0605 599607.60
95.0857 26178.90
96.0446 5466.60
97.0763 24369.30
99.0555 31644.00
107.0605 1397123.90
109.1014 33037.80
110.0967 8657.90
111.0555 15875.90
112.1124 6331.10
119.0857 11594.90
124.0871 2027660.80
125.0663 7768.50
125.0711 2226383.30
126.1279 6399.10
134.0967 20981.30
136.1124 59459.90
137.0964 12481.10
142.0977 1202052.40
151.1233 15744.70
153.1025 5954.20
153.1389 60858.40
154.1230 28758.70
179.1183 201641.20
196.1448 286961.00
197.1287 512539.50
214.1554 88232.40
234.1608 10527.90
260.1763 141059.00
277.2029 77981.30
302.1982 12211.30
303.1820 7814.90
320.2079 5934898.00
321.1937 13340.40
338.2184 7982890.50
338.2470 6661.60
energy1
53.0387 5914.60
54.0339 11866.00
56.0496 5399.90
67.0543 13325.30
68.0496 16335.80
69.0449 32325.00
69.0700 14600.90
70.0653 7556.80
81.0449 1784194.60
81.0701 10429.20
82.0527 8425.20
82.2564 7065.90
83.0606 72159.50
93.0700 10655.70
95.0605 599607.60
95.0857 26178.90
96.0446 5466.60
97.0763 24369.30
99.0555 31644.00
107.0605 1397123.90
109.1014 33037.80
110.0967 8657.90
111.0555 15875.90
112.1124 6331.10
119.0857 11594.90
124.0871 2027660.80
125.0663 7768.50
125.0711 2226383.30
126.1279 6399.10
134.0967 20981.30
136.1124 59459.90
137.0964 12481.10
142.0977 1202052.40
151.1233 15744.70
153.1025 5954.20
153.1389 60858.40
154.1230 28758.70
179.1183 201641.20
196.1448 286961.00
197.1287 512539.50
214.1554 88232.40
234.1608 10527.90
260.1763 141059.00
277.2029 77981.30
302.1982 12211.30
303.1820 7814.90
320.2079 5934898.00
321.1937 13340.40
338.2184 7982890.50
338.2470 6661.60
energy2
53.0387 5914.60
54.0339 11866.00
56.0496 5399.90
67.0543 13325.30
68.0496 16335.80
69.0449 32325.00
69.0700 14600.90
70.0653 7556.80
81.0449 1784194.60
81.0701 10429.20
82.0527 8425.20
82.2564 7065.90
83.0606 72159.50
93.0700 10655.70
95.0605 599607.60
95.0857 26178.90
96.0446 5466.60
97.0763 24369.30
99.0555 31644.00
107.0605 1397123.90
109.1014 33037.80
110.0967 8657.90
111.0555 15875.90
112.1124 6331.10
119.0857 11594.90
124.0871 2027660.80
125.0663 7768.50
125.0711 2226383.30
126.1279 6399.10
134.0967 20981.30
136.1124 59459.90
137.0964 12481.10
142.0977 1202052.40
151.1233 15744.70
153.1025 5954.20
153.1389 60858.40
154.1230 28758.70
179.1183 201641.20
196.1448 286961.00
197.1287 512539.50
214.1554 88232.40
234.1608 10527.90
260.1763 141059.00
277.2029 77981.30
302.1982 12211.30
303.1820 7814.90
320.2079 5934898.00
321.1937 13340.40
338.2184 7982890.50
338.2470 6661.60
