energy0
67.0541 22010178.00
81.0698 22382708.00
95.0854 39470216.00
99.0552 25130490.00
104.0705 96017480.00
109.1010 42917808.00
111.0552 22384254.00
134.0963 62002920.00
136.1119 77664232.00
151.1228 24007622.00
153.1384 177180224.00
154.1225 28420974.00
179.1176 208721072.00
196.1442 1968930944.00
197.1282 686972480.00
214.1547 157776928.00
215.1387 48699832.00
240.1703 207810688.00
282.1809 1114807424.00
300.1914 1481218304.00
energy1
67.0541 22010178.00
81.0698 22382708.00
95.0854 39470216.00
99.0552 25130490.00
104.0705 96017480.00
109.1010 42917808.00
111.0552 22384254.00
134.0963 62002920.00
136.1119 77664232.00
151.1228 24007622.00
153.1384 177180224.00
154.1225 28420974.00
179.1176 208721072.00
196.1442 1968930944.00
197.1282 686972480.00
214.1547 157776928.00
215.1387 48699832.00
240.1703 207810688.00
282.1809 1114807424.00
300.1914 1481218304.00
energy2
67.0541 22010178.00
81.0698 22382708.00
95.0854 39470216.00
99.0552 25130490.00
104.0705 96017480.00
109.1010 42917808.00
111.0552 22384254.00
134.0963 62002920.00
136.1119 77664232.00
151.1228 24007622.00
153.1384 177180224.00
154.1225 28420974.00
179.1176 208721072.00
196.1442 1968930944.00
197.1282 686972480.00
214.1547 157776928.00
215.1387 48699832.00
240.1703 207810688.00
282.1809 1114807424.00
300.1914 1481218304.00
