energy0
67.0548 136164.40
84.0451 774817.30
91.0549 155059.20
93.0706 170666.80
95.0863 266902.00
99.0561 273223.20
102.0558 215324.00
103.0550 426345.60
109.1020 451429.40
111.0562 213109.80
119.0865 119476.50
120.0816 7544648.00
130.0509 454277.40
131.0502 360468.80
136.1131 566582.10
137.0972 180935.10
148.0616 131890.00
149.0609 117218.80
151.1242 120666.40
154.1238 590284.40
166.0874 4752634.50
179.1191 3513929.80
185.1088 294207.00
186.0925 10345044.00
196.1461 132614.60
197.1293 29191058.00
203.1194 169524.60
204.1035 197985.50
214.1563 9553975.00
215.1406 940941.20
231.1144 1393302.30
232.0984 2350352.00
249.1253 628487.80
252.1726 438529.50
259.1098 205811.70
263.1412 235905.30
277.1199 6669786.00
278.1045 546972.60
280.1676 1428162.10
295.1307 3062686.00
298.1781 2267272.30
299.1778 145930.70
326.1613 212478.90
326.1729 5112982.00
344.1843 1104279.40
427.2375 901138.90
445.2479 2717129.50
455.2326 329622.80
473.2433 1243109.50
491.2535 5421702.50
energy1
67.0548 136164.40
84.0451 774817.30
91.0549 155059.20
93.0706 170666.80
95.0863 266902.00
99.0561 273223.20
102.0558 215324.00
103.0550 426345.60
109.1020 451429.40
111.0562 213109.80
119.0865 119476.50
120.0816 7544648.00
130.0509 454277.40
131.0502 360468.80
136.1131 566582.10
137.0972 180935.10
148.0616 131890.00
149.0609 117218.80
151.1242 120666.40
154.1238 590284.40
166.0874 4752634.50
179.1191 3513929.80
185.1088 294207.00
186.0925 10345044.00
196.1461 132614.60
197.1293 29191058.00
203.1194 169524.60
204.1035 197985.50
214.1563 9553975.00
215.1406 940941.20
231.1144 1393302.30
232.0984 2350352.00
249.1253 628487.80
252.1726 438529.50
259.1098 205811.70
263.1412 235905.30
277.1199 6669786.00
278.1045 546972.60
280.1676 1428162.10
295.1307 3062686.00
298.1781 2267272.30
299.1778 145930.70
326.1613 212478.90
326.1729 5112982.00
344.1843 1104279.40
427.2375 901138.90
445.2479 2717129.50
455.2326 329622.80
473.2433 1243109.50
491.2535 5421702.50
energy2
67.0548 136164.40
84.0451 774817.30
91.0549 155059.20
93.0706 170666.80
95.0863 266902.00
99.0561 273223.20
102.0558 215324.00
103.0550 426345.60
109.1020 451429.40
111.0562 213109.80
119.0865 119476.50
120.0816 7544648.00
130.0509 454277.40
131.0502 360468.80
136.1131 566582.10
137.0972 180935.10
148.0616 131890.00
149.0609 117218.80
151.1242 120666.40
154.1238 590284.40
166.0874 4752634.50
179.1191 3513929.80
185.1088 294207.00
186.0925 10345044.00
196.1461 132614.60
197.1293 29191058.00
203.1194 169524.60
204.1035 197985.50
214.1563 9553975.00
215.1406 940941.20
231.1144 1393302.30
232.0984 2350352.00
249.1253 628487.80
252.1726 438529.50
259.1098 205811.70
263.1412 235905.30
277.1199 6669786.00
278.1045 546972.60
280.1676 1428162.10
295.1307 3062686.00
298.1781 2267272.30
299.1778 145930.70
326.1613 212478.90
326.1729 5112982.00
344.1843 1104279.40
427.2375 901138.90
445.2479 2717129.50
455.2326 329622.80
473.2433 1243109.50
491.2535 5421702.50
