energy0
67.0541 4139106.50
69.0698 3162240.50
91.0540 29886412.00
93.0697 2060131.90
95.0853 5256089.00
99.0551 4337588.00
109.1009 6491480.50
111.0551 4490032.00
117.0696 43787152.00
119.0853 2063156.50
134.0961 96041512.00
136.1118 9319735.00
137.0958 2890365.00
142.1748 2913258.80
151.1226 2596303.50
154.1223 8079446.50
179.1175 62564860.00
180.1015 48425992.00
197.1184 2347458.20
197.1280 301228096.00
197.1402 2163077.80
214.1545 51988704.00
215.1386 44701080.00
312.2065 3034479.20
330.2168 213294256.00
358.2118 28694110.00
376.2224 209767424.00
energy1
67.0541 4139106.50
69.0698 3162240.50
91.0540 29886412.00
93.0697 2060131.90
95.0853 5256089.00
99.0551 4337588.00
109.1009 6491480.50
111.0551 4490032.00
117.0696 43787152.00
119.0853 2063156.50
134.0961 96041512.00
136.1118 9319735.00
137.0958 2890365.00
142.1748 2913258.80
151.1226 2596303.50
154.1223 8079446.50
179.1175 62564860.00
180.1015 48425992.00
197.1184 2347458.20
197.1280 301228096.00
197.1402 2163077.80
214.1545 51988704.00
215.1386 44701080.00
312.2065 3034479.20
330.2168 213294256.00
358.2118 28694110.00
376.2224 209767424.00
energy2
67.0541 4139106.50
69.0698 3162240.50
91.0540 29886412.00
93.0697 2060131.90
95.0853 5256089.00
99.0551 4337588.00
109.1009 6491480.50
111.0551 4490032.00
117.0696 43787152.00
119.0853 2063156.50
134.0961 96041512.00
136.1118 9319735.00
137.0958 2890365.00
142.1748 2913258.80
151.1226 2596303.50
154.1223 8079446.50
179.1175 62564860.00
180.1015 48425992.00
197.1184 2347458.20
197.1280 301228096.00
197.1402 2163077.80
214.1545 51988704.00
215.1386 44701080.00
312.2065 3034479.20
330.2168 213294256.00
358.2118 28694110.00
376.2224 209767424.00
